Version 0.9.7
5
 4 20 553 77 128 0 1
 5 262 574 206 81 2 2
 0 4 162 877 276 8 3
 1 608 572 206 81 140 4
 6 501 1 449 130 169 7
 1
61
 255 5 187 228 187 228 187 228 187 189 187 189 187 189 0 3 0 3
 255 5 304 228 304 228 304 228 304 189 304 189 304 189 0 3 0 3
 255 5 499 228 499 228 499 228 499 189 499 189 499 189 0 3 0 3
 255 5 603 228 603 228 603 228 603 189 603 189 603 189 0 3 0 3
 255 5 707 228 707 228 707 228 707 189 707 189 707 189 0 3 0 3
 10526880 5 538 124 538 124 538 228 538 228 538 228 538 228 0 7 0 3
 10526880 5 551 124 551 124 551 124 551 228 551 228 551 228 0 7 0 3
 10526880 5 564 124 564 124 564 124 564 228 564 228 564 228 0 7 0 3
 10526880 5 577 124 577 124 576 124 576 228 577 228 577 228 0 7 0 3
 10526880 5 590 124 590 124 590 124 590 228 590 228 590 228 0 7 0 3
 10526880 5 616 124 616 124 616 141 526 141 526 228 525 228 0 7 0 3
 10526880 5 603 124 603 151 513 151 513 228 512 228 512 228 0 7 0 3
 10526880 5 616 228 616 228 616 152 707 152 707 124 707 124 0 3 0 7
 10526880 5 629 228 629 228 629 144 720 144 720 124 720 124 0 3 0 7
 10526880 5 642 124 642 124 642 124 642 228 642 228 642 228 0 7 0 3
 10526880 5 655 124 655 124 655 124 655 228 655 228 655 228 0 7 0 3
 10526880 5 668 124 668 124 668 124 668 228 668 228 668 228 0 7 0 3
 10526880 5 681 124 681 124 681 124 681 228 681 228 681 228 0 7 0 3
 10526880 5 694 124 694 124 694 124 694 228 694 228 694 228 0 7 0 3
 10526880 5 720 228 720 228 720 151 811 151 811 124 811 124 0 3 0 7
 10526880 5 733 228 733 228 733 159 824 159 824 124 824 124 0 3 0 7
 10526880 5 746 124 746 124 746 124 746 228 746 228 746 228 0 7 0 3
 10526880 5 759 124 759 124 759 124 759 228 759 228 759 228 0 7 0 3
 10526880 5 772 124 772 124 772 124 772 228 772 228 772 228 0 7 0 3
 10526880 5 785 124 785 124 785 124 785 228 785 228 785 228 0 7 0 3
 10526880 5 798 124 798 124 798 124 798 228 798 228 798 228 0 7 0 3
 16711680 5 213 254 213 254 213 254 343 254 343 254 343 254 0 3 0 3
 16711680 5 96 267 96 267 96 267 226 267 226 267 226 267 0 3 0 3
 16711680 5 330 267 330 267 294 267 294 557 321 557 321 585 0 3 0 2
 0 5 798 371 798 371 798 371 798 423 798 423 798 423 0 3 0 3
 0 5 694 371 694 371 694 371 694 423 694 423 694 423 0 3 0 3
 0 5 226 371 226 371 226 527 721 527 721 583 721 583 0 3 0 4
 0 5 278 371 278 371 278 371 278 423 278 423 278 423 0 3 0 3
 0 5 395 371 395 371 395 371 395 423 395 423 395 423 0 3 0 3
 0 5 590 371 590 371 590 371 590 423 590 423 590 423 0 3 0 3
 0 5 161 371 161 371 161 371 161 423 161 423 161 423 0 3 0 3
 65280 5 81 567 81 567 81 570 277 570 277 585 277 585 0 1 0 2
 65280 5 81 580 81 580 81 554 623 554 623 583 623 583 0 1 0 4
 65280 5 81 627 81 627 81 631 277 631 277 643 277 643 0 1 0 2
 65280 5 81 640 131 640 131 704 623 704 623 641 623 641 0 1 0 4
 65280 5 81 593 81 476 36 476 36 28 517 28 517 28 0 1 0 7
 65280 5 122 332 122 332 122 332 122 332 239 332 239 332 0 3 0 3
 4259584 5 239 345 239 345 239 345 239 345 356 345 356 345 0 3 0 3
 4259584 5 356 358 356 358 356 540 740 540 740 583 740 583 0 3 0 4
 128 5 96 371 96 371 96 451 577 451 577 371 577 371 0 3 0 3
 128 5 213 371 213 371 213 480 681 480 681 371 681 371 0 3 0 3
 128 5 785 371 785 371 785 504 343 504 343 371 343 371 0 3 0 3
 16777088 5 148 371 148 371 148 443 564 443 564 371 564 371 0 3 0 3
 16777088 5 265 371 265 371 265 463 668 463 668 371 668 371 0 3 0 3
 12632256 5 83 332 83 332 83 325 499 325 499 332 499 332 0 3 0 3
 12632256 5 603 345 603 345 603 341 200 341 200 345 200 345 0 3 0 3
 12632256 5 317 358 317 358 317 355 707 355 707 358 707 358 0 3 0 3
 10485760 5 109 345 109 345 109 345 226 345 226 345 226 345 0 3 0 3
 10485760 5 226 358 226 358 226 359 343 359 343 358 343 358 0 3 0 3
 16711680 5 252 371 252 371 252 394 616 394 616 371 616 371 0 3 0 3
 16711680 5 135 371 135 371 135 378 512 378 512 371 512 371 0 3 0 3
 16711680 5 369 371 369 371 369 387 720 387 720 371 720 371 0 3 0 3
 16776960 5 382 371 382 371 382 411 772 411 772 371 772 371 0 3 0 3
 65280 5 81 653 81 653 102 653 102 423 83 423 83 423 0 1 0 3
 65280 5 81 606 81 490 8 490 8 189 57 189 57 189 0 1 0 3
 255 5 70 189 70 189 70 189 70 228 70 228 70 228 0 3 0 3
6
 7190 1 16 64 280 5 0 8648872 22294912 3
 7190 1 16 181 280 5 0 8648872 22294912 3
 7047 1 16 493 280 5 0 8648872 22294912 3
 7047 1 16 597 280 5 0 8648872 22294912 3
 7047 1 16 701 280 5 0 8648872 22294912 3
 7190 1 16 298 280 5 0 8648872 22294912 3
