Version 0.9.7
5
 4 3 292 77 128 0 1
 5 80 400 206 81 2 2
 0 95 217 877 276 8 3
 1 430 506 206 81 149 5
 6 472 74 449 130 169 7
 0
29
 255 5 148 244 148 244 64 244 64 244 64 306 64 306 0 3 0 1
 0 5 174 465 174 465 79 465 79 366 64 366 64 366 0 3 0 1
 0 5 811 426 811 426 811 426 811 465 811 465 811 465 0 3 0 3
 0 5 486 517 486 517 486 517 486 426 486 426 486 426 0 5 0 3
 0 5 512 426 512 426 512 517 512 517 505 517 505 517 0 3 0 5
 0 5 524 517 535 517 535 453 577 453 577 426 577 426 0 5 0 3
 0 5 543 517 543 439 612 439 612 322 564 322 564 322 0 5 0 3
 0 5 538 296 538 296 538 296 525 296 525 296 525 296 0 3 0 3
 0 5 642 465 642 465 642 288 538 288 538 283 538 283 0 3 0 3
 4259584 5 759 283 759 283 759 291 613 291 613 197 613 197 0 3 0 7
 16777088 5 772 283 772 283 772 261 626 261 626 197 626 197 0 3 0 7
 12615935 5 785 283 785 283 785 254 639 254 639 197 639 197 0 3 0 7
 8388863 5 798 283 798 283 798 273 652 273 652 197 652 197 0 3 0 7
 4210816 5 811 283 811 283 813 283 813 211 665 211 665 197 0 3 0 7
 4227072 5 691 197 691 216 745 216 745 283 746 283 746 283 0 7 0 3
 12632256 5 678 197 678 207 731 207 731 283 733 283 733 283 0 7 0 3
 255 5 720 283 720 283 720 283 720 244 720 244 720 244 0 3 0 3
 255 5 434 244 434 244 434 387 434 387 538 387 538 387 0 3 0 3
 8388608 5 551 309 551 309 619 309 619 309 619 517 619 517 0 3 0 5
 8388608 5 564 426 564 426 566 426 566 491 600 491 600 517 0 3 0 5
 8388608 5 486 322 486 322 458 322 458 496 562 496 562 517 0 3 0 5
 8388608 5 525 400 525 400 525 474 581 474 581 517 581 517 0 3 0 5
 16711808 5 798 387 798 379 661 379 661 296 577 296 577 296 0 3 0 3
 16711808 5 720 400 720 400 720 400 551 400 551 400 551 400 0 3 0 3
 16711808 5 785 426 785 426 419 426 419 309 499 309 499 309 0 3 0 3
 16711808 5 733 413 733 413 733 413 499 413 499 413 499 413 0 3 0 3
 255 5 64 319 64 319 88 319 88 64 488 64 488 101 0 1 0 7
 255 5 64 332 91 332 91 518 445 518 445 517 445 517 0 1 0 5
 0 5 64 379 64 379 102 379 102 575 445 575 445 575 0 1 0 5
2
 7083 1 16 480 335 5 0 8648872 21602128 3
 7047 1 16 714 335 5 0 8648872 21602128 3
